1 2 -60.0
1 3 -60.0
1 4 -60.0
1 5 -58.0
1 6 -58.0
1 7 -50.0
1 8 -55.0
1 9 -50.0
1 10 -50.0
1 11 -55.0
1 12 -50.0
2 1 -60.0
2 3 -60.0
2 4 -58.0
2 5 -60.0
2 10 -60.0
2 11 -60.0
3 1 -60.0
3 2 -60.0
3 4 -58.0
3 6 -60.0
3 11 -60.0
3 12 -60.0
4 1 -60.0
4 2 -58.0
4 3 -58.0
4 8 -60.0
5 1 -58.0
5 2 -60.0
5 9 -55.0
5 10 -55.0
6 1 -58.0
6 3 -60.0
6 7 -55.0
6 12 -55.0
7 1 -50.0
7 6 -55.0
7 8 -55.0
8 1 -55.0
8 4 -60.0
8 7 -55.0
8 9 -55.0
9 1 -50.0
9 5 -55.0
9 8 -55.0
10 1 -50.0
10 2 -60.0
10 5 -55.0
10 11 -55.0
11 1 -55.0
11 2 -60.0
11 3 -60.0
11 10 -55.0
11 12 -55.0
12 1 -50.0
12 3 -60.0
12 6 -55.0
12 11 -55.0
